{
  "advancedEditorSelectedIdentifier" : "ProjectBrowser",
  "openSceneRelativePaths" : [
    "Cell.usda"
  ],
  "recentIdentifiers" : {
    "14A36001-1485-440A-8ED5-F7E534595EBC" : [

    ],
    "1552AEC4-8EC1-4065-9565-D91E46E93001" : [

    ],
    "B1CDA96C-D360-473A-9D1F-343B34EA9EE4" : [

    ],
    "B37D3AF7-87A2-434B-9A4A-AA7DFF49F0B3" : [

    ],
    "BED8F761-560A-4C93-9282-9193D81F98DA" : [

    ],
    "C79D5D07-BC8C-4B9A-BEE7-C88E59FBD034" : [

    ],
    "DD5F931A-A8B8-4648-A04C-7632448D7C60" : [

    ],
    "F2EEA573-EBC8-422F-8712-0A935BB820C7" : [

    ],
    "FE11DB23-042E-4E5D-8661-F3AA2A2C7CB0" : [

    ]
  },
  "sceneCameraHistory" : {
    "059A1C85-ECC8-4985-B0FB-673108E24419" : [
      {
        "date" : 752760371.95401,
        "title" : "Untitled",
        "transform" : [
          -0.007205509,
          -5.7749485e-09,
          -0.9999741,
          0,
          -0.6597458,
          0.7514739,
          0.0047539645,
          0,
          0.75145435,
          0.6597629,
          -0.0054147686,
          0,
          3.2553427,
          2.85813,
          -0.023456952,
          1
        ]
      },
      {
        "date" : 752760342.245169,
        "title" : "Untitled",
        "transform" : [
          0.7336605,
          -5.8005734e-09,
          -0.6795162,
          0,
          -0.41610265,
          0.7905859,
          -0.44925797,
          0,
          0.5372159,
          0.6123513,
          0.5800216,
          0,
          2.327249,
          2.6527402,
          2.512686,
          1
        ]
      },
      {
        "date" : 752760328.52697,
        "title" : "Untitled",
        "transform" : [
          1,
          0,
          0,
          0,
          0,
          0.7071069,
          -0.70710677,
          0,
          0,
          0.70710677,
          0.7071069,
          0,
          0,
          3.063226,
          3.0632265,
          1
        ]
      }
    ],
    "14A36001-1485-440A-8ED5-F7E534595EBC" : [
      {
        "date" : 770244075.738811,
        "title" : "Untitled",
        "transform" : [
          0.9908481,
          -0.0019953782,
          0.13496722,
          0,
          0.08068009,
          0.81037956,
          -0.5803238,
          0,
          -0.10821671,
          0.5859019,
          0.803124,
          0,
          -0.013496738,
          0.06427616,
          0.39224312,
          1
        ]
      },
      {
        "date" : 770243894.886048,
        "title" : "Untitled",
        "transform" : [
          0.9908481,
          -0.0019953782,
          0.13496722,
          0,
          0.08068009,
          0.81037956,
          -0.5803238,
          0,
          -0.10821671,
          0.5859019,
          0.803124,
          0,
          -0.1162242,
          0.95690256,
          1.3825369,
          1
        ]
      },
      {
        "date" : 770243304.094902,
        "title" : "Untitled",
        "transform" : [
          0.9908481,
          -0.0019953782,
          0.13496722,
          0,
          0.08068009,
          0.81037956,
          -0.5803238,
          0,
          -0.10821671,
          0.5859019,
          0.803124,
          0,
          -0.06897474,
          0.70108664,
          1.0318776,
          1
        ]
      },
      {
        "date" : 770243290.436358,
        "title" : "Untitled",
        "transform" : [
          0.9908481,
          -0.0019953782,
          0.13496722,
          0,
          0.08068009,
          0.81037956,
          -0.5803238,
          0,
          -0.10821671,
          0.5859019,
          0.803124,
          0,
          -0.021047264,
          0.21393283,
          0.31487188,
          1
        ]
      },
      {
        "date" : 770243283.096873,
        "title" : "Untitled",
        "transform" : [
          0.9908481,
          -0.0019953782,
          0.13496722,
          0,
          0.08068009,
          0.81037956,
          -0.5803238,
          0,
          -0.10821671,
          0.5859019,
          0.803124,
          0,
          0.00582217,
          0.06845758,
          0.11546195,
          1
        ]
      },
      {
        "date" : 770243278.897736,
        "title" : "Untitled",
        "transform" : [
          0.950442,
          2.3439904e-08,
          0.31090173,
          0,
          0.15504073,
          0.86678576,
          -0.47396725,
          0,
          -0.2694852,
          0.49868077,
          0.82382953,
          0,
          0.00582217,
          0.06845758,
          0.11546195,
          1
        ]
      },
      {
        "date" : 770243274.736489,
        "title" : "Untitled",
        "transform" : [
          0.950442,
          2.3439904e-08,
          0.31090173,
          0,
          0.15504073,
          0.86678576,
          -0.47396725,
          0,
          -0.2694852,
          0.49868077,
          0.82382953,
          0,
          0.044192716,
          0.004855347,
          -0.022287566,
          1
        ]
      },
      {
        "date" : 770243272.213613,
        "title" : "Untitled",
        "transform" : [
          0.950442,
          3.0890487e-08,
          0.31090173,
          0,
          0.15504071,
          0.86678576,
          -0.47396725,
          0,
          -0.2694852,
          0.49868077,
          0.82382953,
          0,
          -0.070955984,
          0.007447675,
          -0.022651896,
          1
        ]
      },
      {
        "date" : 770243268.179553,
        "title" : "Untitled",
        "transform" : [
          0.950442,
          3.8341067e-08,
          0.31090173,
          0,
          0.15504071,
          0.86678576,
          -0.47396725,
          0,
          -0.2694852,
          0.49868077,
          0.82382953,
          0,
          -0.006911695,
          0.008838892,
          -0.022847474,
          1
        ]
      },
      {
        "date" : 770243264.897565,
        "title" : "Untitled",
        "transform" : [
          0.950442,
          4.5791644e-08,
          0.31090173,
          0,
          0.1550407,
          0.86678576,
          -0.47396725,
          0,
          -0.2694852,
          0.49868077,
          0.82382953,
          0,
          -0.319423,
          0.34122157,
          0.7573832,
          1
        ]
      }
    ],
    "1552AEC4-8EC1-4065-9565-D91E46E93001" : [
      {
        "date" : 752761982.153152,
        "title" : "Untitled",
        "transform" : [
          1,
          0,
          0,
          0,
          0,
          0.7071069,
          -0.70710677,
          0,
          0,
          0.70710677,
          0.7071069,
          0,
          0,
          1.4094081,
          1.4094095,
          1
        ]
      },
      {
        "date" : 752761973.57416,
        "title" : "Untitled",
        "transform" : [
          1,
          0,
          0,
          0,
          0,
          0.7071069,
          -0.70710677,
          0,
          0,
          0.70710677,
          0.7071069,
          0,
          0,
          0.81225294,
          0.8122532,
          1
        ]
      }
    ],
    "1CD7CC63-7163-4BD2-BC2A-5F8C886D288D" : [
      {
        "date" : 753110600.431098,
        "title" : "Untitled",
        "transform" : [
          0.9991667,
          -6.9273653e-10,
          -0.040814936,
          0,
          -0.016020196,
          0.9197486,
          -0.39218113,
          0,
          0.03753948,
          0.39250818,
          0.9189822,
          0,
          0.010380163,
          0.10853374,
          0.25411072,
          1
        ]
      }
    ],
    "9B36B8E3-F414-4501-9C9D-E111D25E637A" : [
      {
        "date" : 753030273.639807,
        "title" : "Untitled",
        "transform" : [
          0.99987274,
          -3.1886316e-10,
          0.015953068,
          0,
          0.002837885,
          0.9840505,
          -0.17786698,
          0,
          -0.015698625,
          0.17788963,
          0.9839253,
          0,
          -0.1409575,
          1.5972651,
          8.834636,
          1
        ]
      }
    ],
    "B1CDA96C-D360-473A-9D1F-343B34EA9EE4" : [
      {
        "date" : 753020194.719838,
        "title" : "Untitled",
        "transform" : [
          0.794526,
          -0.00015845966,
          -0.6072303,
          0,
          -0.30471945,
          0.86486876,
          -0.39893368,
          0,
          0.52523774,
          0.50199795,
          0.6871124,
          0,
          0.3010002,
          0.50552046,
          0.3763795,
          1
        ]
      },
      {
        "date" : 753019961.418101,
        "title" : "Untitled",
        "transform" : [
          0.78201693,
          2.5172452e-07,
          0.6232572,
          0,
          0.16528147,
          0.9641961,
          -0.2073833,
          0,
          -0.60094225,
          0.26519012,
          0.7540176,
          0,
          -0.21247232,
          0.3839149,
          0.32553396,
          1
        ]
      },
      {
        "date" : 753019958.148482,
        "title" : "Untitled",
        "transform" : [
          0.78201693,
          2.5172452e-07,
          0.6232572,
          0,
          0.16528147,
          0.9641961,
          -0.2073833,
          0,
          -0.60094225,
          0.26519012,
          0.7540176,
          0,
          -0.3196589,
          0.4580875,
          0.4516629,
          1
        ]
      },
      {
        "date" : 753019950.577574,
        "title" : "Untitled",
        "transform" : [
          0.93098325,
          -1.6710431e-09,
          0.365062,
          0,
          0.03578314,
          0.9951845,
          -0.091254376,
          0,
          -0.36330402,
          0.098019354,
          0.9265,
          0,
          -0.7260783,
          0.739329,
          0.9299065,
          1
        ]
      },
      {
        "date" : 753019943.368104,
        "title" : "Untitled",
        "transform" : [
          0.99656045,
          -0.002980992,
          -0.08281507,
          0,
          -0.050672304,
          0.7688294,
          -0.637443,
          0,
          0.06557088,
          0.639447,
          0.766034,
          0,
          -0.12191462,
          0.348147,
          0.30751017,
          1
        ]
      },
      {
        "date" : 753019939.283366,
        "title" : "Untitled",
        "transform" : [
          0.98372066,
          0.0002660238,
          -0.1797045,
          0,
          -0.086292304,
          0.8778631,
          -0.4710733,
          0,
          0.15763062,
          0.47891164,
          0.86359495,
          0,
          -0.12191462,
          0.348147,
          0.30751017,
          1
        ]
      },
      {
        "date" : 753019911.344633,
        "title" : "Untitled",
        "transform" : [
          1,
          0,
          0,
          0,
          0,
          1,
          0,
          0,
          0,
          0,
          1,
          0,
          0.030788243,
          0.5826255,
          0.38826436,
          1
        ]
      },
      {
        "date" : 753019906.498524,
        "title" : "Untitled",
        "transform" : [
          1,
          0,
          0,
          0,
          0,
          1,
          0,
          0,
          0,
          0,
          1,
          0,
          -0.003738203,
          0.6769878,
          0.79594034,
          1
        ]
      },
      {
        "date" : 753019900.848543,
        "title" : "Untitled",
        "transform" : [
          0.97810745,
          -6.7402617e-09,
          0.2081003,
          0,
          0.111240365,
          0.8451358,
          -0.52284896,
          0,
          -0.17587301,
          0.5345516,
          0.82663363,
          0,
          0,
          1.6,
          2,
          1
        ]
      },
      {
        "date" : 753019892.231715,
        "title" : "Untitled",
        "transform" : [
          1,
          0,
          -0,
          0,
          -0,
          0.8657713,
          -0.5004399,
          0,
          0,
          0.5004399,
          0.8657713,
          0,
          -0.0061527714,
          0.48778847,
          0.72314495,
          1
        ]
      }
    ],
    "B37D3AF7-87A2-434B-9A4A-AA7DFF49F0B3" : [
      {
        "date" : 753111323.823478,
        "title" : "Untitled",
        "transform" : [
          0.98083216,
          -8.0817575e-11,
          -0.19485468,
          0,
          -0.0062558725,
          0.9994844,
          -0.031489927,
          0,
          0.19475423,
          0.032105327,
          0.9803264,
          0,
          0.05238237,
          0.03360883,
          0.25467655,
          1
        ]
      },
      {
        "date" : 753111155.20184,
        "title" : "Untitled",
        "transform" : [
          0.98083216,
          -8.0817575e-11,
          -0.19485468,
          0,
          -0.0062558725,
          0.9994844,
          -0.031489927,
          0,
          0.19475423,
          0.032105327,
          0.9803264,
          0,
          0.12668683,
          0.08128302,
          0.6159356,
          1
        ]
      },
      {
        "date" : 753111112.84047,
        "title" : "Untitled",
        "transform" : [
          0.99784,
          -2.373485e-09,
          -0.06569036,
          0,
          -0.00949712,
          0.9894941,
          -0.1442618,
          0,
          0.06500023,
          0.14457409,
          0.9873568,
          0,
          0.00056379347,
          0.09572551,
          0.34768522,
          1
        ]
      },
      {
        "date" : 753110909.136129,
        "title" : "Untitled",
        "transform" : [
          1,
          0,
          0,
          0,
          0,
          0.7071069,
          -0.70710677,
          0,
          0,
          0.70710677,
          0.7071069,
          0,
          -0.022276994,
          0.28406045,
          0.22104773,
          1
        ]
      },
      {
        "date" : 753110907.654078,
        "title" : "Untitled",
        "transform" : [
          1,
          0,
          0,
          0,
          0,
          0.7071069,
          -0.70710677,
          0,
          0,
          0.70710677,
          0.7071069,
          0,
          -0.022276994,
          0.68036807,
          0.61735535,
          1
        ]
      }
    ],
    "BED8F761-560A-4C93-9282-9193D81F98DA" : [
      {
        "date" : 753027943.070163,
        "title" : "Untitled",
        "transform" : [
          -0.50122434,
          2.7862459e-08,
          -0.8653174,
          0,
          -0.43563545,
          0.86403006,
          0.2523364,
          0,
          0.74766034,
          0.50344014,
          -0.43307292,
          0,
          1.8417478,
          1.5666465,
          -1.1425484,
          1
        ]
      },
      {
        "date" : 753018299.534445,
        "title" : "Untitled",
        "transform" : [
          -0.50122434,
          2.7862459e-08,
          -0.8653174,
          0,
          -0.43563545,
          0.86403006,
          0.2523364,
          0,
          0.74766034,
          0.50344014,
          -0.43307292,
          0,
          7.3990107,
          5.3086925,
          -4.36153,
          1
        ]
      },
      {
        "date" : 753017938.874744,
        "title" : "Untitled",
        "transform" : [
          -0.50122434,
          2.7862459e-08,
          -0.8653174,
          0,
          -0.43563545,
          0.86403006,
          0.2523364,
          0,
          0.74766034,
          0.50344014,
          -0.43307292,
          0,
          7.3990107,
          5.3086925,
          -4.36153,
          1
        ]
      },
      {
        "date" : 753017934.312889,
        "title" : "Untitled",
        "transform" : [
          -0.5012244,
          3.949806e-08,
          -0.8653174,
          0,
          -0.435048,
          0.8644254,
          0.2519962,
          0,
          0.7480023,
          0.5027612,
          -0.43327102,
          0,
          1.6068311,
          1.2255379,
          -0.9472225,
          1
        ]
      },
      {
        "date" : 753017843.645907,
        "title" : "Untitled",
        "transform" : [
          -0.50122434,
          6.070748e-08,
          -0.8653174,
          0,
          -0.21305199,
          0.96921587,
          0.12340779,
          0,
          0.8386794,
          0.24621257,
          -0.48579457,
          0,
          7.379746,
          2.4850588,
          -4.398323,
          1
        ]
      },
      {
        "date" : 753017832.621335,
        "title" : "Untitled",
        "transform" : [
          0.39050317,
          5.6305048e-08,
          -0.92060155,
          0,
          -0.13726845,
          0.98882097,
          -0.058226828,
          0,
          0.91031015,
          0.1491073,
          0.3861378,
          0,
          7.8588376,
          1.4762046,
          3.346838,
          1
        ]
      },
      {
        "date" : 753017825.396772,
        "title" : "Untitled",
        "transform" : [
          0.0834701,
          4.3427484e-08,
          -0.99651027,
          0,
          -0.50244325,
          0.8635853,
          -0.04208581,
          0,
          0.8605716,
          0.5042028,
          0.07208358,
          0,
          7.3635855,
          4.530315,
          0.62903744,
          1
        ]
      },
      {
        "date" : 753017820.80684,
        "title" : "Untitled",
        "transform" : [
          0.083469965,
          1.4852081e-08,
          -0.99651027,
          0,
          -0.28850678,
          0.9571728,
          -0.024165973,
          0,
          0.9538326,
          0.2895171,
          0.07989518,
          0,
          7.1681566,
          3.0850346,
          0.98,
          1
        ]
      },
      {
        "date" : 753017816.346791,
        "title" : "Untitled",
        "transform" : [
          0.083469965,
          1.4852081e-08,
          -0.99651027,
          0,
          -0.28850678,
          0.9571728,
          -0.024165973,
          0,
          0.9538326,
          0.2895171,
          0.07989518,
          0,
          4.0277796,
          1.733478,
          0.550661,
          1
        ]
      },
      {
        "date" : 753017813.212238,
        "title" : "Untitled",
        "transform" : [
          0.08346983,
          -2.1946963e-08,
          -0.9965103,
          0,
          -0.25054184,
          0.9678783,
          -0.020985948,
          0,
          0.9645006,
          0.25141916,
          0.08078862,
          0,
          3.466627,
          1.2624737,
          0.5376207,
          1
        ]
      }
    ],
    "C79D5D07-BC8C-4B9A-BEE7-C88E59FBD034" : [
      {
        "date" : 753105498.261654,
        "title" : "Untitled",
        "transform" : [
          0.78160155,
          2.2346134e-07,
          0.6237779,
          0,
          0.1167485,
          0.9823287,
          -0.14628772,
          0,
          -0.612755,
          0.18716383,
          0.76778966,
          0,
          -4.4388747,
          5.440851,
          8.190951,
          1
        ]
      },
      {
        "date" : 753105443.409882,
        "title" : "Untitled",
        "transform" : [
          0.8570545,
          2.3632344e-07,
          0.51522577,
          0,
          0.21742696,
          0.90659416,
          -0.3616802,
          0,
          -0.46710074,
          0.4220036,
          0.77700055,
          0,
          -2.4893491,
          7.5208535,
          7.3238,
          1
        ]
      },
      {
        "date" : 753105436.982446,
        "title" : "Untitled",
        "transform" : [
          0.9263665,
          2.2768702e-09,
          0.37662324,
          0,
          0.10118889,
          0.96323115,
          -0.24889064,
          0,
          -0.36277524,
          0.26867405,
          0.8923051,
          0,
          -2.4893491,
          7.5208535,
          7.3238,
          1
        ]
      },
      {
        "date" : 753105349.975116,
        "title" : "Untitled",
        "transform" : [
          1,
          0,
          0,
          0,
          0,
          1,
          0,
          0,
          0,
          0,
          1,
          0,
          0.45226377,
          5.1696005,
          9.4587965,
          1
        ]
      },
      {
        "date" : 753104844.283113,
        "title" : "Untitled",
        "transform" : [
          1,
          0,
          0,
          0,
          0,
          1,
          0,
          0,
          0,
          0,
          1,
          0,
          0.33743086,
          3.8570032,
          7.0571423,
          1
        ]
      },
      {
        "date" : 753104842.258959,
        "title" : "Untitled",
        "transform" : [
          1,
          0,
          0,
          0,
          0,
          1,
          0,
          0,
          0,
          0,
          1,
          0,
          0.20256448,
          2.3897195,
          4.3293843,
          1
        ]
      },
      {
        "date" : 753104834.67385,
        "title" : "Untitled",
        "transform" : [
          0.99767786,
          -9.183144e-10,
          -0.06810986,
          0,
          -0.06032472,
          0.46426317,
          -0.8836406,
          0,
          0.0316209,
          0.88569736,
          0.4631851,
          0,
          0.60774666,
          17.02291,
          8.902314,
          1
        ]
      },
      {
        "date" : 753104794.478252,
        "title" : "Untitled",
        "transform" : [
          1,
          0,
          0,
          0,
          0,
          0.7071069,
          -0.70710677,
          0,
          0,
          0.70710677,
          0.7071069,
          0,
          0,
          10.541796,
          10.541796,
          1
        ]
      }
    ],
    "DD5F931A-A8B8-4648-A04C-7632448D7C60" : [
      {
        "date" : 753028054.217768,
        "title" : "Untitled",
        "transform" : [
          0.09415765,
          4.1511732e-05,
          -0.99555737,
          0,
          -0.5167013,
          0.854772,
          -0.048832826,
          0,
          0.8509725,
          0.5190037,
          0.08050476,
          0,
          10.373676,
          4.4481034,
          3.0117095,
          1
        ]
      },
      {
        "date" : 753028049.499497,
        "title" : "Untitled",
        "transform" : [
          0.09415765,
          4.1511732e-05,
          -0.99555737,
          0,
          -0.5167013,
          0.854772,
          -0.048832826,
          0,
          0.85097235,
          0.5190036,
          0.08050475,
          0,
          7.5698757,
          2.7380762,
          2.7464595,
          1
        ]
      },
      {
        "date" : 753028042.533762,
        "title" : "Untitled",
        "transform" : [
          0.8544632,
          4.151179e-05,
          -0.519512,
          0,
          -0.2743662,
          0.849204,
          -0.45119375,
          0,
          0.44115293,
          0.52806485,
          0.7256249,
          0,
          7.9161067,
          9.53519,
          16.911789,
          1
        ]
      },
      {
        "date" : 753028029.649412,
        "title" : "Untitled",
        "transform" : [
          0.9809131,
          3.9791566e-09,
          0.19444661,
          0,
          0.015113828,
          0.99697465,
          -0.07624387,
          0,
          -0.19385836,
          0.07772729,
          0.97794545,
          0,
          1.5605822,
          0.57091844,
          14.594006,
          1
        ]
      },
      {
        "date" : 753028023.840517,
        "title" : "Untitled",
        "transform" : [
          0.9809131,
          3.9791566e-09,
          0.19444661,
          0,
          0.015113828,
          0.99697465,
          -0.07624387,
          0,
          -0.19385836,
          0.07772729,
          0.97794545,
          0,
          2.6519208,
          0.13334462,
          9.088553,
          1
        ]
      },
      {
        "date" : 753028016.13479,
        "title" : "Untitled",
        "transform" : [
          0.8563191,
          -1.116323e-09,
          0.51644725,
          0,
          0.016230175,
          0.99950606,
          -0.026911182,
          0,
          -0.51619214,
          0.031426433,
          0.85589606,
          0,
          -0.2783791,
          -0.16124663,
          5.61601,
          1
        ]
      },
      {
        "date" : 753025857.735751,
        "title" : "Untitled",
        "transform" : [
          0.9635415,
          1.1319797e-09,
          0.26755902,
          0,
          0.20253304,
          0.65345454,
          -0.7293679,
          0,
          -0.1748377,
          0.7569657,
          0.6296306,
          0,
          -0.28181866,
          11.840308,
          10.964098,
          1
        ]
      },
      {
        "date" : 753020619.235598,
        "title" : "Untitled",
        "transform" : [
          0.9635415,
          1.1319797e-09,
          0.26755902,
          0,
          0.20253304,
          0.65345454,
          -0.7293679,
          0,
          -0.1748377,
          0.7569657,
          0.6296306,
          0,
          0.13002968,
          10.057346,
          9.481111,
          1
        ]
      },
      {
        "date" : 753017708.102782,
        "title" : "Untitled",
        "transform" : [
          0.9635416,
          1.1319798e-09,
          0.26755905,
          0,
          0.20253304,
          0.65345454,
          -0.7293679,
          0,
          -0.17483771,
          0.7569658,
          0.6296307,
          0,
          0.047639467,
          3.6847486,
          3.4736304,
          1
        ]
      },
      {
        "date" : 752766861.762062,
        "title" : "Untitled",
        "transform" : [
          0.99889106,
          1.03617726e-10,
          -0.0470849,
          0,
          -0.016457392,
          0.93692666,
          -0.34913826,
          0,
          0.044115108,
          0.34952587,
          0.93588763,
          0,
          1.1952965,
          1.6276778,
          4.6441016,
          1
        ]
      }
    ],
    "F2EEA573-EBC8-422F-8712-0A935BB820C7" : [
      {
        "date" : 770133367.150031,
        "title" : "Untitled",
        "transform" : [
          1,
          0,
          0,
          0,
          0,
          1,
          0,
          0,
          0,
          0,
          1,
          0,
          -0.37575722,
          -0.85236,
          11.995357,
          1
        ]
      },
      {
        "date" : 770133335.56974,
        "title" : "Untitled",
        "transform" : [
          1,
          0,
          0,
          0,
          0,
          1,
          0,
          0,
          0,
          0,
          1,
          0,
          -3.571622e-07,
          1.0980884,
          2.9829192,
          1
        ]
      },
      {
        "date" : 770083214.499403,
        "title" : "Untitled",
        "transform" : [
          1,
          0,
          0,
          0,
          0,
          1,
          0,
          0,
          0,
          0,
          1,
          0,
          0,
          1.4889783,
          2.9829192,
          1
        ]
      },
      {
        "date" : 770083117.247782,
        "title" : "Untitled",
        "transform" : [
          1,
          0,
          0,
          0,
          0,
          1,
          0,
          0,
          0,
          0,
          1,
          0,
          0,
          1.1610793,
          5.8859377,
          1
        ]
      },
      {
        "date" : 770082956.199648,
        "title" : "Untitled",
        "transform" : [
          1,
          0,
          0,
          0,
          0,
          1,
          0,
          0,
          0,
          0,
          1,
          0,
          0,
          1.3573061,
          4.148662,
          1
        ]
      },
      {
        "date" : 770082947.460091,
        "title" : "Untitled",
        "transform" : [
          0.99969715,
          3.2356007e-11,
          0.024609288,
          0,
          0.0010312961,
          0.99912155,
          -0.041894093,
          0,
          -0.024587668,
          0.041906785,
          0.99881893,
          0,
          0.7055704,
          2.519035,
          9.7365675,
          1
        ]
      },
      {
        "date" : 770082946.331723,
        "title" : "Untitled",
        "transform" : [
          0.99969715,
          3.2356007e-11,
          0.024609288,
          0,
          0.0010312961,
          0.99912155,
          -0.041894093,
          0,
          -0.024587668,
          0.041906785,
          0.99881893,
          0,
          0.7055704,
          2.519035,
          9.7365675,
          1
        ]
      },
      {
        "date" : 770082945.306138,
        "title" : "Untitled",
        "transform" : [
          0.99969715,
          3.2356007e-11,
          0.024609288,
          0,
          0.0010312961,
          0.99912155,
          -0.041894093,
          0,
          -0.024587668,
          0.041906785,
          0.99881893,
          0,
          0.7055704,
          2.519035,
          9.7365675,
          1
        ]
      },
      {
        "date" : 770082891.090171,
        "title" : "Untitled",
        "transform" : [
          0.99969715,
          -3.4338143e-10,
          0.024609286,
          0,
          0.0010312964,
          0.99912155,
          -0.041894097,
          0,
          -0.024587668,
          0.041906785,
          0.99881893,
          0,
          0.7055704,
          2.519035,
          9.7365675,
          1
        ]
      },
      {
        "date" : 770082886.264655,
        "title" : "Untitled",
        "transform" : [
          0.99969715,
          -3.949238e-10,
          0.024609286,
          0,
          0.0010312964,
          0.99912155,
          -0.041894093,
          0,
          -0.024587667,
          0.041906785,
          0.99881893,
          0,
          0.5049051,
          2.2296228,
          3.0288014,
          1
        ]
      }
    ],
    "FE11DB23-042E-4E5D-8661-F3AA2A2C7CB0" : [
      {
        "date" : 753018868.624185,
        "title" : "Untitled",
        "transform" : [
          0.9840521,
          3.7993184e-06,
          -0.17788053,
          0,
          -0.042117205,
          0.9715701,
          -0.23297565,
          0,
          0.17282252,
          0.23675202,
          0.9560758,
          0,
          3.9408627,
          3.845065,
          13.677898,
          1
        ]
      },
      {
        "date" : 753018862.704066,
        "title" : "Untitled",
        "transform" : [
          0.98337066,
          3.8011478e-06,
          -0.18160975,
          0,
          -0.009525114,
          0.9986247,
          -0.051555168,
          0,
          0.18135978,
          0.052427694,
          0.9820183,
          0,
          3.9620972,
          1.1190478,
          13.722537,
          1
        ]
      },
      {
        "date" : 753018851.687308,
        "title" : "Untitled",
        "transform" : [
          0.9477336,
          2.5255593e-09,
          0.31906265,
          0,
          0.05585193,
          0.9845596,
          -0.16590086,
          0,
          -0.31413615,
          0.1750501,
          0.93310016,
          0,
          -7.087364,
          5.0777397,
          36.256428,
          1
        ]
      },
      {
        "date" : 753017854.232777,
        "title" : "Untitled",
        "transform" : [
          0.99723107,
          9.690623e-10,
          -0.07436579,
          0,
          -0.008720908,
          0.9931001,
          -0.1169457,
          0,
          0.073852666,
          0.11727044,
          0.9903501,
          0,
          2.6309764,
          1.0175065,
          12.63449,
          1
        ]
      },
      {
        "date" : 753017702.261675,
        "title" : "Untitled",
        "transform" : [
          0.9983362,
          1.5977352e-09,
          -0.05766133,
          0,
          -0.0144607695,
          0.9680421,
          -0.2503707,
          0,
          0.055818584,
          0.250788,
          0.9664314,
          0,
          2.4043412,
          2.7423077,
          12.421215,
          1
        ]
      },
      {
        "date" : 752762533.520107,
        "title" : "Untitled",
        "transform" : [
          0.96788394,
          3.1117828e-09,
          -0.25139755,
          0,
          -0.04885952,
          0.98093194,
          -0.18810982,
          0,
          0.24660386,
          0.19435164,
          0.9494282,
          0,
          4.816962,
          2.0121279,
          11.846347,
          1
        ]
      },
      {
        "date" : 752762491.459442,
        "title" : "Untitled",
        "transform" : [
          0.96788394,
          3.1117828e-09,
          -0.25139755,
          0,
          -0.04885952,
          0.98093194,
          -0.18810982,
          0,
          0.24660386,
          0.19435164,
          0.9494282,
          0,
          3.626945,
          2.0992308,
          9.607991,
          1
        ]
      }
    ]
  },
  "sceneViewportBackgroundColors" : {

  },
  "selectedSceneRelativePath" : "Cell.usda"
}